
10,146.4493,0,95.2428,29.6522
32,218.1083,0,132.1696,60.5144
50,224.3876,0,133.9112,60.5196
64,236.6552,0,155.0603,73.7974
100,275.0128,0,164.5905,79.4460
128,274.9439,0,158.3775,76.8688
200,238.2646,0,172.2618,84.2037
250,244.6482,0,279.6696,135.9562
256,211.8095,0,212.3014,104.0632
300,293.0642,0,500.4747,245.6729
400,319.7860,0,404.0686,198.7686
512,353.2503,0,545.6376,268.7818
600,376.6025,0,470.4995,231.9372
1000,420.2095,0,482.3006,238.1574
1024,426.6244,0,510.0527,251.8763
2000,441.6570,0,516.4721,255.3554
2048,442.6305,0,512.1531,253.2276
3000,444.7941,0,517.7734,256.1075
4096,446.3709,0,510.1077,252.3730
