trab,dimensao,derivadas,newton,jacobiana,gauss
Trab 1,10,1.8610,4.2310,53.9701,502.4682
Trab 2 (Otimizado),10,6.1577,1.3147,45.5546,408.3078
Trab 1,32,1.7676,52.0487,55.5464,670.0373
Trab 2 (Otimizado),32,3.2963,3.5147,53.3350,457.4328
Trab 1,50,1.8630,109.4548,52.2262,681.2932
Trab 2 (Otimizado),50,2.6674,5.1455,57.1640,479.2430
Trab 1,64,1.8587,154.3537,53.2035,706.6915
Trab 2 (Otimizado),64,2.4150,6.3758,57.0064,479.9893
Trab 1,100,1.8626,226.9685,46.0127,704.8928
Trab 2 (Otimizado),100,2.1729,9.1773,59.2017,485.7826
Trab 1,128,1.8784,263.8334,42.6407,708.5656
Trab 2 (Otimizado),128,2.1125,11.1475,57.9323,488.4833
Trab 1,200,1.8366,343.2014,41.3923,714.8985
Trab 2 (Otimizado),200,1.9877,15.5453,58.3921,500.3465
Trab 1,250,1.8896,380.9941,40.5196,717.7081
Trab 2 (Otimizado),250,1.9635,17.9488,58.1932,496.8141
Trab 1,256,1.8887,379.5790,39.1300,720.9342
Trab 2 (Otimizado),256,1.9550,18.3730,57.9237,496.7423
Trab 1,300,1.8949,404.9332,38.5889,719.2486
Trab 2 (Otimizado),300,1.9040,19.9375,56.2176,503.9290
Trab 1,400,1.8947,451.4605,37.8328,721.1595
Trab 2 (Otimizado),400,1.7538,22.7316,51.5276,502.6131
Trab 1,512,1.8787,473.6292,33.9166,722.4894
Trab 2 (Otimizado),512,1.7563,25.0507,48.6924,465.0448
Trab 1,600,1.8943,508.7935,35.8739,725.4743
Trab 2 (Otimizado),600,1.6966,26.5403,47.6393,471.2795
Trab 1,1000,1.9006,561.9608,31.9142,725.0114
Trab 2 (Otimizado),1000,1.5820,29.4680,42.2865,485.5879
Trab 1,1024,1.9010,562.1253,31.7763,721.2759
Trab 2 (Otimizado),1024,1.5669,29.8642,43.0764,444.7419
,,,,,
Trab 2 (Otimizado),2000,1.5194,29.6120,35.1072,450.5883
,,,,,
Trab 2 (Otimizado),2048,1.5301,29.7976,35.1177,453.2867
,,,,,
Trab 2 (Otimizado),3000,1.5223,29.1704,32.8783,458.5768
,,,,,
Trab 2 (Otimizado),4096,1.5057,29.1675,31.5993,471.6586
