trab,dimensao,derivadas,newton,jacobiana,gauss
Trab 1,10,1331.1547,790.3348,9878.4743,14774.5570
Trab 2 (Otimizado),10,3195.0987,622.4832,15545.6202,102665.5925
Trab 1,32,495.0402,2542.7259,7654.6838,1240.5802
Trab 2 (Otimizado),32,1873.4787,1170.5280,15483.3275,45729.9815
Trab 1,50,484.0835,3362.8239,6789.5229,424.6247
Trab 2 (Otimizado),50,1894.0934,1620.0394,15567.0746,20857.5995
Trab 1,64,308.9748,3641.4384,6442.4137,304.5496
Trab 2 (Otimizado),64,2004.4909,1985.9407,16067.0868,22064.5669
Trab 1,100,283.4019,5176.2658,8555.7804,162.5240
Trab 2 (Otimizado),100,1957.3225,2800.9099,16584.1960,18130.9863
Trab 1,128,311.2409,5238.0975,8701.6682,126.7841
Trab 2 (Otimizado),128,2116.1654,3306.6194,16749.1178,11648.6755
Trab 1,200,322.3450,5296.4595,9000.5604,1206.3724
Trab 2 (Otimizado),200,1949.0588,4544.4167,17172.8794,10404.7935
Trab 1,250,369.8279,6547.5042,9092.1356,4329.0946
Trab 2 (Otimizado),250,1980.5954,5297.7263,17379.3919,8399.4496
Trab 1,256,337.6758,6756.9404,8803.4841,4982.4368
Trab 2 (Otimizado),256,2018.4682,5299.3856,17251.5755,8662.5650
Trab 1,300,275.7808,6840.2933,8370.9869,5629.2648
Trab 2 (Otimizado),300,1961.0328,5884.5510,16992.5390,8080.0995
Trab 1,400,532.1722,7033.9005,8173.0430,6319.2374
Trab 2 (Otimizado),400,1917.7031,6663.9222,15810.8956,6245.9021
Trab 1,512,336.4376,6996.3311,8088.5708,6437.5522
Trab 2 (Otimizado),512,2093.0919,7143.5743,14108.8150,5443.4256
Trab 1,600,287.0529,6826.2980,7668.5184,6437.0227
Trab 2 (Otimizado),600,2172.5888,7973.5949,14932.2870,3910.0084
Trab 1,1000,315.2291,6499.0870,7182.4609,6292.2986
Trab 2 (Otimizado),1000,2192.3037,9339.0243,14271.6689,4534.8357
Trab 1,1024,281.3263,6238.7653,6414.4449,6182.5283
Trab 2 (Otimizado),1024,2188.5475,9400.5464,14119.5325,4480.9178
,,,,,
Trab 2 (Otimizado),2000,2494.9069,10973.5910,14411.9478,3978.3940
,,,,,
Trab 2 (Otimizado),2048,2371.2728,11160.7946,14678.0585,4172.3646
,,,,,
Trab 2 (Otimizado),3000,2596.6305,11711.3254,14880.0460,3855.5666
,,,,,
Trab 2 (Otimizado),4096,2588.5983,12301.3491,15116.6856,4066.6084
