trab,dimensao,derivadas,newton,jacobiana,gauss
Trab 1,10,0.000111,0.008551,0.000364,0.000037
Trab 2 (Otimizado),10,0.000037,0.008131,0.000123,0.000005
Trab 1,32,0.001088,0.012531,0.003392,0.000750
Trab 2 (Otimizado),32,0.000116,0.008661,0.000340,0.000012
Trab 1,50,0.002685,0.020179,0.008876,0.002764
Trab 2 (Otimizado),50,0.000182,0.009005,0.000526,0.000018
Trab 1,64,0.004301,0.029703,0.015261,0.005532
Trab 2 (Otimizado),64,0.000231,0.009368,0.000673,0.000023
Trab 1,100,0.010747,0.071295,0.041324,0.020513
Trab 2 (Otimizado),100,0.000360,0.010049,0.001059,0.000035
Trab 1,128,0.017419,0.124845,0.072802,0.042369
Trab 2 (Otimizado),128,0.000448,0.010639,0.001351,0.000044
Trab 1,200,0.042331,0.353583,0.184339,0.158500
Trab 2 (Otimizado),200,0.000689,0.012013,0.002082,0.000068
Trab 1,250,0.066157,0.609705,0.288417,0.309867
Trab 2 (Otimizado),250,0.000856,0.012977,0.002646,0.000084
Trab 1,256,0.069573,0.656377,0.312410,0.332353
Trab 2 (Otimizado),256,0.000924,0.013054,0.002656,0.000086
Trab 1,300,0.095200,0.999367,0.454369,0.532623
Trab 2 (Otimizado),300,0.001034,0.014031,0.003247,0.000101
Trab 1,400,0.175850,2.100408,0.833244,1.252723
Trab 2 (Otimizado),400,0.001484,0.016535,0.004657,0.000133
Trab 1,512,0.278026,3.997382,1.381905,2.598027
Trab 2 (Otimizado),512,0.001839,0.019450,0.006575,0.000186
Trab 1,600,0.378462,6.214410,2.004016,4.190644
Trab 2 (Otimizado),600,0.002218,0.021745,0.007840,0.000282
Trab 1,1000,1.057841,25.354680,5.953933,19.370060
Trab 2 (Otimizado),1000,0.003920,0.032803,0.014662,0.000347
Trab 1,1024,1.121274,27.796690,6.994654,20.769920
Trab 2 (Otimizado),1024,0.003998,0.033530,0.015030,0.000372
,,,,,
Trab 2 (Otimizado),2000,0.008034,0.064956,0.034254,0.000763
,,,,,
Trab 2 (Otimizado),2048,0.008182,0.066720,0.035412,0.000760
,,,,,
Trab 2 (Otimizado),3000,0.012053,0.098300,0.054079,0.001070
,,,,,
Trab 2 (Otimizado),4096,0.016584,0.138071,0.079297,0.001431
